0 0.065 0.7164179104477612 0.045 0.07462686567164178 
0 0.0525 0.40298507462686567 0.02 0.055970149253731345 
0 0.135 0.3917910447761194 0.0325 0.055970149253731345 
1 0.055 0.503731343283582 0.025 0.06343283582089553 
1 0.0225 0.5298507462686567 0.0225 0.0708955223880597 
0 0.3 0.26119402985074625 0.0575 0.08582089552238806 
0 0.375 0.27611940298507465 0.0525 0.07835820895522388 
0 0.4875 0.29850746268656714 0.0575 0.09328358208955224 
0 0.6425 0.31343283582089554 0.0475 0.08208955223880597 
0 0.755 0.2873134328358209 0.0575 0.09328358208955224 
0 0.975 0.3843283582089552 0.035 0.05223880597014925 
1 0.975 0.503731343283582 0.0375 0.07462686567164178 
