1 0.0225 0.21666666666666667 0.035 0.06 
1 0.0675 0.18666666666666668 0.0475 0.07 
1 0.13 0.18 0.0325 0.05333333333333334 
1 0.135 0.23666666666666666 0.0225 0.07333333333333333 
1 0.0625 0.3933333333333333 0.0325 0.06 
0 0.0925 0.5133333333333333 0.0575 0.09666666666666666 
2 0.1475 0.6233333333333333 0.06 0.10333333333333333 
1 0.285 0.9533333333333334 0.085 0.09 
1 0.285 0.04666666666666667 0.03 0.05 
1 0.2975 0.16333333333333333 0.04 0.07 
1 0.3475 0.20666666666666667 0.0325 0.07333333333333333 
1 0.3825 0.22 0.03 0.07333333333333333 
1 0.2625 0.38 0.0425 0.06666666666666667 
0 0.3325 0.5366666666666666 0.0475 0.09 
0 0.415 0.5333333333333333 0.0425 0.08666666666666667 
1 0.4975 0.20666666666666667 0.0325 0.056666666666666664 
1 0.5325 0.21 0.0275 0.06 
0 0.5875 0.26 0.03 0.09666666666666666 
1 0.675 0.13 0.045 0.09 
1 0.7575 0.16 0.035 0.06333333333333334 
0 0.885 0.15666666666666668 0.0525 0.09 
0 0.8725 0.31333333333333335 0.05 0.11333333333333333 
1 0.2875 0.05333333333333334 0.035 0.04 
