2 0.125 0.5355805243445693 0.135 0.21722846441947566 
0 0.4325 0.6891385767790262 0.1325 0.20224719101123595 
0 0.5375 0.7940074906367042 0.0725 0.16104868913857678 
0 0.67 0.8202247191011236 0.125 0.20599250936329588 
0 0.8175 0.7602996254681648 0.0925 0.15730337078651685 
0 0.655 0.46441947565543074 0.0675 0.1198501872659176 
0 0.7225 0.4232209737827715 0.07 0.10861423220973783 
0 0.51 0.3782771535580524 0.0475 0.08614232209737828 
0 0.5625 0.3258426966292135 0.0575 0.08614232209737828 
0 0.5975 0.21722846441947566 0.0375 0.06367041198501873 
0 0.6825 0.19850187265917604 0.0375 0.0599250936329588 
0 0.535 0.20599250936329588 0.0375 0.0599250936329588 
0 0.5825 0.15730337078651685 0.03 0.0449438202247191 
0 0.65 0.14606741573033707 0.035 0.0449438202247191 
0 0.7425 0.1348314606741573 0.035 0.03745318352059925 
0 0.9175 0.1348314606741573 0.025 0.0299625468164794 
