0 0.0225 0.49063670411985016 0.0425 0.07865168539325842 
0 0.09 0.45318352059925093 0.045 0.07116104868913857 
0 0.1925 0.45318352059925093 0.0475 0.07116104868913857 
0 0.2875 0.42696629213483145 0.0425 0.06367041198501873 
0 0.35 0.449438202247191 0.045 0.08239700374531835 
0 0.485 0.4681647940074906 0.045 0.0749063670411985 
0 0.505 0.42696629213483145 0.0275 0.08614232209737828 
0 0.615 0.43820224719101125 0.025 0.04868913857677903 
0 0.6925 0.3295880149812734 0.0525 0.09363295880149813 
0 0.8725 0.35580524344569286 0.06 0.0898876404494382 
0 0.9925 0.3782771535580524 0.0175 0.07116104868913857 
0 0.9275 0.37453183520599254 0.0475 0.07865168539325842 
1 0.64 0.44569288389513106 0.035 0.07116104868913857 
1 0.405 0.4943820224719101 0.0425 0.0749063670411985 
1 0.26 0.47191011235955055 0.0475 0.08239700374531835 
