0 0.0825 0.24719101123595505 0.035 0.0599250936329588 
0 0.1725 0.250936329588015 0.04 0.07116104868913857 
1 0.2225 0.19850187265917604 0.0275 0.04119850187265917 
1 0.255 0.15730337078651685 0.04 0.056179775280898875 
1 0.355 0.1947565543071161 0.045 0.06367041198501873 
0 0.5025 0.23595505617977527 0.0525 0.09363295880149813 
2 0.535 0.1797752808988764 0.0225 0.056179775280898875 
1 0.5975 0.1797752808988764 0.0425 0.06741573033707865 
2 0.66 0.16853932584269662 0.045 0.06741573033707865 
0 0.8225 0.14606741573033707 0.0575 0.10112359550561797 
0 0.75 0.12734082397003746 0.0275 0.0449438202247191 
0 0.72 0.1947565543071161 0.025 0.04119850187265917 
1 0.06 0.16853932584269662 0.03 0.052434456928838954 
