0 0.2775 0.24719101123595505 0.0275 0.04119850187265917 
1 0.36 0.27340823970037453 0.0375 0.04868913857677903 
0 0.4875 0.23595505617977527 0.0375 0.06367041198501873 
0 0.615 0.2958801498127341 0.0475 0.06741573033707865 
0 0.72 0.3295880149812734 0.045 0.06741573033707865 
0 0.8375 0.299625468164794 0.0625 0.08614232209737828 
0 0.98 0.2883895131086142 0.04 0.11235955056179775 
0 0.2225 0.2846441947565543 0.0225 0.03745318352059925 
0 0.195 0.25842696629213485 0.0225 0.04119850187265917 
0 0.1575 0.26217228464419473 0.02 0.03745318352059925 
0 0.1225 0.25842696629213485 0.025 0.0299625468164794 
