0 0.075 0.07116104868913857 0.025 0.0449438202247191 
0 0.15 0.056179775280898875 0.025 0.03745318352059925 
0 0.3125 0.08614232209737828 0.025 0.056179775280898875 
0 0.43 0.033707865168539325 0.0275 0.0449438202247191 
0 0.0675 0.20599250936329588 0.0325 0.052434456928838954 
0 0.1475 0.17228464419475656 0.0325 0.0449438202247191 
0 0.2825 0.1647940074906367 0.03 0.052434456928838954 
0 0.305 0.23220973782771537 0.03 0.0449438202247191 
0 0.2425 0.31086142322097376 0.0325 0.0449438202247191 
0 0.08 0.2958801498127341 0.0375 0.052434456928838954 
0 0.0375 0.36329588014981273 0.035 0.056179775280898875 
0 0.1075 0.4157303370786517 0.035 0.0449438202247191 
0 0.105 0.4868913857677903 0.03 0.0599250936329588 
0 0.165 0.5168539325842697 0.0325 0.056179775280898875 
0 0.175 0.599250936329588 0.045 0.06367041198501873 
0 0.1275 0.8014981273408239 0.045 0.0599250936329588 
0 0.1525 0.9250936329588015 0.045 0.07116104868913857 
0 0.255 0.8726591760299626 0.045 0.056179775280898875 
0 0.33 0.5056179775280899 0.04 0.052434456928838954 
0 0.35 0.3595505617977528 0.03 0.04868913857677903 
0 0.38 0.8202247191011236 0.045 0.07116104868913857 
0 0.4425 0.5655430711610487 0.0375 0.06741573033707865 
0 0.5025 0.10112359550561797 0.0275 0.033707865168539325 
0 0.5275 0.16104868913857678 0.03 0.0449438202247191 
0 0.59 0.11610486891385768 0.0275 0.0449438202247191 
0 0.565 0.20599250936329588 0.03 0.0449438202247191 
0 0.66 0.1947565543071161 0.0325 0.0449438202247191 
0 0.635 0.2546816479400749 0.035 0.0599250936329588 
0 0.6 0.4044943820224719 0.035 0.056179775280898875 
0 0.5525 0.4943820224719101 0.035 0.06367041198501873 
0 0.7175 0.7940074906367042 0.0425 0.07116104868913857 
0 0.7725 0.3782771535580524 0.035 0.06367041198501873 
0 0.8 0.550561797752809 0.0375 0.0599250936329588 
0 0.79 0.04868913857677903 0.03 0.03745318352059925 
0 0.815 0.0299625468164794 0.0225 0.0449438202247191 
1 0.9275 0.06367041198501873 0.025 0.04868913857677903 
0 0.84 0.1198501872659176 0.0325 0.03745318352059925 
0 0.9575 0.352059925093633 0.0375 0.04119850187265917 
0 0.9 0.4943820224719101 0.035 0.056179775280898875 
0 0.9225 0.6891385767790262 0.0325 0.0599250936329588 
0 0.955 0.7415730337078652 0.05 0.052434456928838954 
