0 0.095 0.40074906367041196 0.105 0.1647940074906367 
1 0.2025 0.40823970037453183 0.0725 0.11610486891385768 
1 0.2925 0.700374531835206 0.1075 0.15355805243445692 
0 0.475 0.40823970037453183 0.0825 0.13857677902621723 
0 0.5625 0.3146067415730337 0.065 0.11610486891385768 
1 0.665 0.3445692883895131 0.095 0.10861423220973783 
0 0.8025 0.36329588014981273 0.0475 0.11235955056179775 
0 0.8775 0.42696629213483145 0.1 0.15730337078651685 
1 0.98 0.5093632958801498 0.04 0.149812734082397 
0 0.7625 0.8202247191011236 0.1275 0.1647940074906367 
