0 0.09 0.83 0.0625 0.08666666666666667 
0 0.22 0.83 0.0575 0.08666666666666667 
0 0.3325 0.8566666666666667 0.055 0.08333333333333333 
0 0.505 0.9033333333333333 0.0675 0.08666666666666667 
0 0.795 0.77 0.0625 0.07333333333333333 
0 0.955 0.8366666666666667 0.055 0.05 
0 0.665 0.66 0.0575 0.07666666666666666 
0 0.85 0.51 0.0475 0.06 
0 0.98 0.57 0.0325 0.06333333333333334 
0 0.72 0.5066666666666667 0.0375 0.05333333333333334 
0 0.545 0.68 0.055 0.07 
0 0.41 0.6466666666666666 0.055 0.07 
0 0.2275 0.59 0.03 0.07666666666666666 
0 0.19 0.5766666666666667 0.055 0.08 
0 0.1225 0.5733333333333334 0.05 0.07333333333333333 
0 0.015 0.5466666666666666 0.025 0.07333333333333333 
0 0.0225 0.3933333333333333 0.04 0.043333333333333335 
0 0.1325 0.3933333333333333 0.045 0.06 
0 0.265 0.43 0.04 0.056666666666666664 
0 0.345 0.42333333333333334 0.045 0.06 
0 0.47 0.48333333333333334 0.0525 0.06 
0 0.5725 0.49666666666666665 0.05 0.06 
0 0.965 0.3566666666666667 0.0425 0.06 
0 0.815 0.32 0.0275 0.06 
0 0.725 0.30666666666666664 0.04 0.06333333333333334 
0 0.6525 0.30666666666666664 0.045 0.04666666666666667 
0 0.54 0.25333333333333335 0.04 0.06 
0 0.485 0.26 0.035 0.06 
0 0.375 0.21666666666666667 0.035 0.06 
0 0.2925 0.23333333333333334 0.0325 0.05333333333333334 
0 0.18 0.20666666666666667 0.0325 0.05333333333333334 
0 0.0875 0.20333333333333334 0.04 0.06333333333333334 
0 0.02 0.19333333333333333 0.0375 0.056666666666666664 
0 0.02 0.1 0.03 0.04666666666666667 
0 0.1175 0.10666666666666667 0.0225 0.04666666666666667 
0 0.2075 0.14333333333333334 0.0325 0.05333333333333334 
0 0.335 0.14666666666666667 0.03 0.056666666666666664 
0 0.485 0.12 0.0275 0.056666666666666664 
0 0.575 0.15333333333333332 0.035 0.06 
0 0.6975 0.18333333333333332 0.035 0.06 
0 0.79 0.16 0.04 0.06333333333333334 
0 0.9025 0.19333333333333333 0.035 0.056666666666666664 
0 0.9875 0.21333333333333335 0.025 0.06 
0 0.8175 0.06333333333333334 0.03 0.04666666666666667 
0 0.7425 0.07 0.035 0.05 
0 0.6425 0.06333333333333334 0.0325 0.056666666666666664 
0 0.6 0.023333333333333334 0.025 0.04 
0 0.515 0.06 0.0325 0.04666666666666667 
0 0.4475 0.06333333333333334 0.0325 0.04 
0 0.38 0.05 0.0325 0.04666666666666667 
0 0.2925 0.03333333333333333 0.0375 0.04666666666666667 
0 0.1775 0.05333333333333334 0.025 0.03666666666666667 
0 0.1125 0.02666666666666667 0.025 0.04666666666666667 
