0 0.07 0.91796875 0.1075 0.16015625 
0 0.195 0.796875 0.07 0.11328125 
0 0.305 0.7421875 0.13 0.23046875 
0 0.495 0.6171875 0.0775 0.1640625 
0 0.3225 0.2421875 0.045 0.07421875 
0 0.4 0.11328125 0.0375 0.05859375 
0 0.425 0.25 0.035 0.0703125 
0 0.5 0.140625 0.03 0.04296875 
0 0.5925 0.15625 0.0375 0.0625 
0 0.565 0.375 0.0375 0.06640625 
0 0.6925 0.5625 0.1025 0.16015625 
0 0.7575 0.1953125 0.035 0.0546875 
1 0.8475 0.34375 0.0375 0.05859375 
1 0.665 0.203125 0.0375 0.0625 
1 0.4475 0.45703125 0.0475 0.07421875 
