0 0.3475 0.7787610619469026 0.1125 0.2079646017699115 
0 0.53 0.13274336283185842 0.0425 0.09292035398230089 
1 0.735 0.12389380530973451 0.0625 0.10176991150442478 
0 0.6325 0.3805309734513274 0.0525 0.10619469026548672 
1 0.2825 0.06637168141592921 0.0175 0.035398230088495575 
1 0.335 0.07964601769911504 0.0175 0.035398230088495575 
1 0.425 0.048672566371681415 0.02 0.030973451327433628 
0 0.8175 0.18584070796460178 0.0275 0.03982300884955752 
0 0.6825 0.06637168141592921 0.0225 0.04424778761061947 
1 0.59 0.048672566371681415 0.0175 0.04424778761061947 
1 0.6175 0.017699115044247787 0.0125 0.02654867256637168 
0 0.3725 0.11504424778761062 0.0225 0.048672566371681415 
0 0.37 0.18141592920353983 0.0375 0.10176991150442478 
