0 0.67 0.6575342465753424 0.12 0.18835616438356165 
0 0.8025 0.5582191780821918 0.1325 0.1952054794520548 
0 0.9425 0.4554794520547945 0.06 0.10273972602739725 
0 0.8275 0.2568493150684932 0.0675 0.08561643835616438 
0 0.93 0.2226027397260274 0.0325 0.0684931506849315 
0 0.6875 0.363013698630137 0.08 0.11301369863013698 
0 0.6325 0.19863013698630136 0.045 0.07534246575342465 
0 0.5625 0.4520547945205479 0.0725 0.1095890410958904 
0 0.3675 0.4554794520547945 0.0725 0.11986301369863013 
0 0.51 0.363013698630137 0.06 0.07876712328767123 
0 0.2525 0.4212328767123288 0.06 0.07534246575342465 
0 0.1175 0.5273972602739726 0.0725 0.11643835616438356 
0 0.0525 0.3801369863013699 0.055 0.07876712328767123 
0 0.24 0.2226027397260274 0.0575 0.07191780821917808 
0 0.3575 0.17123287671232876 0.0525 0.07534246575342465 
0 0.48 0.2191780821917808 0.03 0.0547945205479452 
0 0.5325 0.2568493150684932 0.0325 0.06164383561643835 
0 0.1425 0.17465753424657535 0.0575 0.07534246575342465 
