0 0.0325 0.35555555555555557 0.0625 0.12444444444444444 
0 0.0775 0.26222222222222225 0.0625 0.12 
1 0.225 0.21777777777777776 0.07 0.10222222222222223 
0 0.345 0.20444444444444446 0.0475 0.08 
0 0.42 0.19111111111111112 0.07 0.08 
0 0.4125 0.3377777777777778 0.0725 0.1111111111111111 
0 0.18 0.37777777777777777 0.1075 0.18666666666666668 
0 0.5275 0.3466666666666667 0.0825 0.12444444444444444 
0 0.815 0.4177777777777778 0.0875 0.15555555555555556 
1 0.6725 0.25333333333333335 0.0675 0.10666666666666667 
