1 0.15 0.8444444444444444 0.1175 0.21333333333333335 
1 0.065 0.5911111111111111 0.1025 0.14222222222222222 
0 0.045 0.39111111111111113 0.0825 0.09777777777777778 
0 0.1425 0.37333333333333335 0.09 0.1688888888888889 
0 0.21 0.3466666666666667 0.04 0.08444444444444445 
1 0.275 0.41333333333333333 0.0925 0.17333333333333334 
0 0.345 0.68 0.1125 0.19111111111111112 
0 0.445 0.6488888888888888 0.085 0.14666666666666667 
0 0.5875 0.64 0.1325 0.22666666666666666 
0 0.4975 0.4444444444444444 0.0425 0.14666666666666667 
1 0.36 0.36444444444444446 0.065 0.13333333333333333 
2 0.455 0.31555555555555553 0.07 0.12444444444444444 
1 0.5825 0.28444444444444444 0.0625 0.11555555555555555 
1 0.2125 0.18666666666666668 0.055 0.09777777777777778 
0 0.175 0.20444444444444446 0.035 0.08444444444444445 
0 0.1225 0.13777777777777778 0.0425 0.07555555555555556 
0 0.03 0.2088888888888889 0.0575 0.12 
2 0.075 0.2 0.035 0.07555555555555556 
0 0.195 0.044444444444444446 0.0275 0.04888888888888889 
0 0.245 0.12 0.0225 0.04888888888888889 
0 0.265 0.19111111111111112 0.045 0.08444444444444445 
0 0.4125 0.32 0.04 0.10222222222222223 
0 0.38 0.21777777777777776 0.0375 0.06222222222222222 
0 0.335 0.16444444444444445 0.0375 0.057777777777777775 
0 0.3775 0.15555555555555556 0.0425 0.057777777777777775 
0 0.335 0.057777777777777775 0.025 0.05333333333333334 
0 0.2925 0.06222222222222222 0.0125 0.04 
0 0.395 0.08 0.0225 0.04888888888888889 
0 0.4125 0.11555555555555555 0.03 0.04888888888888889 
1 0.48 0.12444444444444444 0.0375 0.07555555555555556 
0 0.5125 0.2088888888888889 0.0425 0.09333333333333334 
0 0.505 0.28 0.0425 0.08444444444444445 
0 0.5175 0.05333333333333334 0.0125 0.05333333333333334 
0 0.58 0.06222222222222222 0.02 0.044444444444444446 
0 0.6375 0.044444444444444446 0.0275 0.05333333333333334 
2 0.6575 0.1688888888888889 0.045 0.07555555555555556 
1 0.6275 0.27111111111111114 0.025 0.09333333333333334 
0 0.68 0.37777777777777777 0.0625 0.10222222222222223 
0 0.6875 0.18222222222222223 0.0275 0.07111111111111111 
1 0.7 0.06222222222222222 0.02 0.044444444444444446 
0 0.6825 0.5244444444444445 0.0275 0.07555555555555556 
0 0.75 0.5777777777777777 0.08 0.17333333333333334 
0 0.8175 0.7777777777777778 0.1225 0.24888888888888888 
0 0.85 0.28444444444444444 0.06 0.11555555555555555 
1 0.9575 0.32 0.025 0.10222222222222223 
0 0.8975 0.26222222222222225 0.035 0.10222222222222223 
0 0.74 0.36 0.0525 0.07555555555555556 
0 0.7975 0.21333333333333335 0.0475 0.08444444444444445 
0 0.7825 0.11555555555555555 0.045 0.08888888888888889 
2 0.83 0.08888888888888889 0.03 0.08444444444444445 
0 0.915 0.1288888888888889 0.02 0.057777777777777775 
