0 0.03 0.27751196172248804 0.04 0.07655502392344497 
0 0.14 0.28708133971291866 0.035 0.07177033492822966 
0 0.23 0.2966507177033493 0.0375 0.07177033492822966 
0 0.2775 0.20574162679425836 0.0325 0.07655502392344497 
0 0.335 0.24401913875598086 0.035 0.08133971291866028 
0 0.44 0.2727272727272727 0.0375 0.08133971291866028 
0 0.5675 0.2631578947368421 0.035 0.07655502392344497 
0 0.6525 0.31100478468899523 0.0325 0.06698564593301436 
0 0.745 0.3014354066985646 0.035 0.07177033492822966 
0 0.8375 0.35406698564593303 0.0425 0.06698564593301436 
0 0.955 0.3157894736842105 0.045 0.08133971291866028 
