1 0.1375 0.17333333333333334 0.0675 0.1111111111111111 
1 0.345 0.05333333333333334 0.03 0.06666666666666667 
1 0.495 0.07555555555555556 0.035 0.07111111111111111 
0 0.535 0.11555555555555555 0.0525 0.1111111111111111 
1 0.385 0.19555555555555557 0.06 0.09333333333333334 
0 0.3625 0.3511111111111111 0.0775 0.14666666666666667 
1 0.2 0.3688888888888889 0.0625 0.07111111111111111 
2 0.1225 0.8 0.0675 0.12 
2 0.31 0.48 0.075 0.1511111111111111 
2 0.4775 0.44 0.11 0.19555555555555557 
1 0.6275 0.2222222222222222 0.0425 0.08 
0 0.6725 0.2577777777777778 0.065 0.12444444444444444 
0 0.865 0.26666666666666666 0.095 0.17333333333333334 
0 0.715 0.6977777777777778 0.1175 0.2222222222222222 
