1 0.045 0.7228464419475655 0.02 0.0599250936329588 
0 0.0975 0.7303370786516854 0.0425 0.07116104868913857 
0 0.175 0.700374531835206 0.0175 0.0449438202247191 
0 0.2625 0.7565543071161048 0.04 0.0599250936329588 
1 0.3275 0.5692883895131086 0.025 0.0449438202247191 
0 0.355 0.5842696629213483 0.035 0.04868913857677903 
2 0.3975 0.599250936329588 0.03 0.03745318352059925 
1 0.37 0.6666666666666666 0.0325 0.052434456928838954 
0 0.3225 0.700374531835206 0.0375 0.04868913857677903 
0 0.415 0.6779026217228464 0.0375 0.0599250936329588 
0 0.4575 0.6254681647940075 0.035 0.06367041198501873 
0 0.55 0.5955056179775281 0.03 0.0449438202247191 
0 0.505 0.700374531835206 0.04 0.06367041198501873 
0 0.5275 0.7752808988764045 0.0425 0.0749063670411985 
0 0.6 0.5842696629213483 0.0375 0.0599250936329588 
1 0.575 0.9625468164794008 0.0475 0.07116104868913857 
0 0.5675 0.4868913857677903 0.0275 0.03745318352059925 
0 0.5125 0.449438202247191 0.0225 0.04119850187265917 
0 0.6175 0.49063670411985016 0.025 0.04119850187265917 
0 0.73 0.4157303370786517 0.025 0.03745318352059925 
0 0.7875 0.42696629213483145 0.0175 0.0299625468164794 
0 0.9075 0.50187265917603 0.025 0.033707865168539325 
