0 0.085 0.26548672566371684 0.05 0.09292035398230089 
0 0.17 0.3230088495575221 0.045 0.08849557522123894 
0 0.35 0.29646017699115046 0.0575 0.10176991150442478 
0 0.405 0.2831858407079646 0.0425 0.08849557522123894 
0 0.4525 0.5132743362831859 0.055 0.10619469026548672 
0 0.48 0.2743362831858407 0.03 0.061946902654867256 
0 0.5275 0.2610619469026549 0.0275 0.084070796460177 
0 0.56 0.2743362831858407 0.0425 0.09292035398230089 
0 0.6125 0.30973451327433627 0.0375 0.07964601769911504 
0 0.65 0.34513274336283184 0.0425 0.09292035398230089 
0 0.715 0.3672566371681416 0.055 0.11061946902654868 
0 0.7675 0.252212389380531 0.035 0.0752212389380531 
1 0.8075 0.25663716814159293 0.0425 0.05752212389380531 
0 0.8825 0.23008849557522124 0.045 0.084070796460177 
0 0.94 0.252212389380531 0.05 0.09292035398230089 
0 0.3675 0.23008849557522124 0.0375 0.06637168141592921 
0 0.3 0.23008849557522124 0.0375 0.061946902654867256 
