1 0.0475 0.04 0.0575 0.07333333333333333 
0 0.05 0.35 0.055 0.09333333333333334 
0 0.245 0.26666666666666666 0.06 0.08 
0 0.2825 0.06666666666666667 0.0625 0.09 
1 0.0625 0.47333333333333333 0.05 0.08666666666666667 
0 0.0225 0.88 0.0425 0.13 
0 0.0975 0.7833333333333333 0.07 0.11666666666666667 
2 0.145 0.7133333333333334 0.055 0.11 
0 0.25 0.49 0.055 0.09333333333333334 
0 0.4925 0.13666666666666666 0.0625 0.07666666666666666 
0 0.485 0.27 0.0675 0.09333333333333334 
0 0.5025 0.42333333333333334 0.0625 0.09333333333333334 
0 0.3675 0.9233333333333333 0.07 0.11 
0 0.5225 0.75 0.0725 0.09333333333333334 
0 0.5775 0.8233333333333334 0.075 0.11 
0 0.6625 0.4866666666666667 0.055 0.08666666666666667 
0 0.6825 0.2633333333333333 0.0625 0.09 
0 0.7775 0.26 0.06 0.1 
0 0.8575 0.08333333333333333 0.045 0.07333333333333333 
0 0.9375 0.34 0.0675 0.08333333333333333 
0 0.9675 0.64 0.0625 0.08666666666666667 
