0 0.056666666666666664 0.6277602523659306 0.085 0.1861198738170347 
0 0.305 0.33753943217665616 0.06166666666666667 0.10725552050473186 
0 0.34833333333333333 0.6845425867507886 0.115 0.26813880126182965 
0 0.5516666666666666 0.501577287066246 0.095 0.20189274447949526 
2 0.6 0.277602523659306 0.06666666666666667 0.14195583596214512 
0 0.655 0.25236593059936907 0.04833333333333333 0.11041009463722397 
0 0.7533333333333333 0.2618296529968454 0.06333333333333334 0.138801261829653 
0 0.8433333333333334 0.3312302839116719 0.09833333333333333 0.17350157728706625 
0 0.9666666666666667 0.1640378548895899 0.03833333333333333 0.0946372239747634 
0 0.67 0.7097791798107256 0.11666666666666667 0.2113564668769716 
1 0.39 0.21766561514195584 0.045 0.07570977917981073 
