0 0.715 0.3782771535580524 0.0675 0.10861423220973783 
0 0.8875 0.27715355805243447 0.055 0.10486891385767791 
0 0.645 0.24719101123595505 0.0625 0.1198501872659176 
0 0.3925 0.4307116104868914 0.0575 0.08239700374531835 
0 0.4325 0.3408239700374532 0.0525 0.08614232209737828 
0 0.0425 0.3707865168539326 0.08 0.22846441947565543 
0 0.3325 0.35580524344569286 0.045 0.06741573033707865 
0 0.27 0.3258426966292135 0.0525 0.06741573033707865 
0 0.095 0.31835205992509363 0.0375 0.056179775280898875 
0 0.2 0.3146067415730337 0.04 0.04868913857677903 
0 0.155 0.2883895131086142 0.02 0.03745318352059925 
0 0.5125 0.2846441947565543 0.0275 0.0449438202247191 
