0 0.12 0.6142322097378277 0.07 0.08614232209737828 
0 0.2475 0.5617977528089888 0.0575 0.09363295880149813 
0 0.3825 0.8239700374531835 0.0725 0.10112359550561797 
0 0.3125 0.5393258426966292 0.0475 0.07116104868913857 
0 0.3575 0.41947565543071164 0.0425 0.06741573033707865 
2 0.27 0.36704119850187267 0.035 0.056179775280898875 
0 0.1625 0.4419475655430712 0.035 0.06741573033707865 
0 0.15 0.36329588014981273 0.0225 0.0449438202247191 
0 0.21 0.32209737827715357 0.0225 0.03745318352059925 
0 0.4725 0.4756554307116105 0.065 0.0898876404494382 
0 0.5325 0.39325842696629215 0.04 0.07116104868913857 
0 0.7675 0.46441947565543074 0.0825 0.10861423220973783 
0 0.9325 0.5318352059925093 0.0375 0.08614232209737828 
0 0.625 0.3595505617977528 0.0225 0.06741573033707865 
0 0.56 0.26217228464419473 0.035 0.0599250936329588 
0 0.465 0.23220973782771537 0.03 0.0449438202247191 
0 0.3125 0.25842696629213485 0.0225 0.04868913857677903 
0 0.095 0.3408239700374532 0.02 0.0599250936329588 
0 0.075 0.2846441947565543 0.02 0.0449438202247191 
0 0.1525 0.250936329588015 0.03 0.052434456928838954 
0 0.2275 0.21348314606741572 0.02 0.033707865168539325 
