0 0.48 0.27715355805243447 0.0775 0.12359550561797752 
0 0.0875 0.45318352059925093 0.045 0.06367041198501873 
0 0.16 0.5093632958801498 0.0375 0.04868913857677903 
0 0.3075 0.5243445692883895 0.03 0.052434456928838954 
0 0.2325 0.5393258426966292 0.0225 0.0449438202247191 
0 0.2675 0.5692883895131086 0.025 0.04119850187265917 
0 0.6375 0.5393258426966292 0.0275 0.0449438202247191 
1 0.625 0.6629213483146067 0.02 0.03745318352059925 
0 0.7725 0.4157303370786517 0.0375 0.0749063670411985 
0 0.85 0.43820224719101125 0.035 0.07116104868913857 
0 0.9275 0.30711610486891383 0.06 0.12359550561797752 
