0 0.0325 0.24100719424460432 0.055 0.07913669064748201 
0 0.0875 0.27697841726618705 0.0325 0.0539568345323741 
0 0.2425 0.22661870503597123 0.035 0.06115107913669065 
0 0.3075 0.2302158273381295 0.05 0.08633093525179857 
0 0.345 0.24100719424460432 0.0275 0.050359712230215826 
0 0.395 0.27697841726618705 0.0375 0.0539568345323741 
0 0.4675 0.27697841726618705 0.0375 0.050359712230215826 
0 0.5675 0.31654676258992803 0.0525 0.07194244604316546 
0 0.6175 0.21942446043165467 0.045 0.06474820143884892 
0 0.715 0.23741007194244604 0.0325 0.0539568345323741 
0 0.7525 0.23381294964028776 0.0425 0.0683453237410072 
0 0.83 0.3273381294964029 0.0475 0.0683453237410072 
0 0.905 0.2697841726618705 0.0425 0.07913669064748201 
0 0.425 0.26258992805755393 0.02 0.03597122302158273 
