0 0.085 0.2653061224489796 0.045 0.08979591836734693 
0 0.1675 0.3142857142857143 0.045 0.08571428571428572 
0 0.355 0.2979591836734694 0.05 0.09387755102040816 
0 0.3025 0.23673469387755103 0.03 0.05714285714285714 
0 0.37 0.23265306122448978 0.0275 0.044897959183673466 
0 0.4075 0.2816326530612245 0.045 0.0653061224489796 
0 0.4325 0.2530612244897959 0.0175 0.05714285714285714 
0 0.455 0.47346938775510206 0.0475 0.08571428571428572 
0 0.48 0.27346938775510204 0.03 0.05714285714285714 
0 0.5275 0.2693877551020408 0.03 0.0653061224489796 
0 0.56 0.27755102040816326 0.0425 0.07755102040816327 
0 0.615 0.30612244897959184 0.04 0.07346938775510205 
0 0.6525 0.3346938775510204 0.0475 0.08979591836734693 
0 0.715 0.3551020408163265 0.055 0.09795918367346938 
0 0.72 0.21224489795918366 0.03 0.06938775510204082 
0 0.7675 0.2612244897959184 0.0425 0.07346938775510205 
1 0.81 0.2612244897959184 0.04 0.05714285714285714 
0 0.8825 0.23673469387755103 0.0425 0.06938775510204082 
0 0.9375 0.2571428571428571 0.0475 0.08163265306122448 
0 0.84 0.2530612244897959 0.0225 0.044897959183673466 
