0 0.36 0.3377777777777778 0.0625 0.18666666666666668 
0 0.0775 0.38222222222222224 0.08 0.16 
0 0.17 0.28 0.065 0.14666666666666667 
0 0.39 0.49333333333333335 0.0625 0.14666666666666667 
0 0.4425 0.35555555555555557 0.0575 0.1288888888888889 
0 0.6025 0.28444444444444444 0.095 0.15555555555555556 
0 0.24 0.3244444444444444 0.0375 0.11555555555555555 
2 0.6425 0.4888888888888889 0.1 0.21777777777777776 
1 0.7625 0.4311111111111111 0.07 0.16 
1 0.9525 0.3377777777777778 0.0525 0.12 
1 0.9825 0.3333333333333333 0.0325 0.14666666666666667 
