0 0.12 0.6142322097378277 0.0725 0.08239700374531835 
0 0.2475 0.5617977528089888 0.06 0.07865168539325842 
0 0.3125 0.5355805243445693 0.0475 0.0749063670411985 
0 0.3825 0.8239700374531835 0.075 0.10112359550561797 
0 0.475 0.47191011235955055 0.065 0.08614232209737828 
0 0.77 0.46441947565543074 0.08 0.10486891385767791 
0 0.935 0.5355805243445693 0.04 0.0749063670411985 
0 0.53 0.39325842696629215 0.0375 0.0749063670411985 
0 0.625 0.35580524344569286 0.025 0.06367041198501873 
0 0.5625 0.26217228464419473 0.035 0.056179775280898875 
0 0.4625 0.23220973782771537 0.0275 0.0449438202247191 
0 0.1625 0.44569288389513106 0.035 0.06741573033707865 
2 0.27 0.3707865168539326 0.0375 0.0449438202247191 
0 0.15 0.36329588014981273 0.025 0.04119850187265917 
0 0.355 0.41947565543071164 0.0425 0.056179775280898875 
0 0.3125 0.26217228464419473 0.0225 0.0449438202247191 
0 0.1525 0.2546816479400749 0.025 0.0449438202247191 
0 0.21 0.32209737827715357 0.025 0.03745318352059925 
0 0.095 0.3445692883895131 0.0225 0.03745318352059925 
0 0.0775 0.2846441947565543 0.02 0.0299625468164794 
0 0.225 0.21722846441947566 0.02 0.0299625468164794 
