0 0.255 0.20588235294117646 0.05 0.07720588235294118 
0 0.3925 0.23897058823529413 0.03 0.04779411764705882 
1 0.43 0.22058823529411764 0.0325 0.051470588235294115 
1 0.4525 0.2977941176470588 0.0325 0.03676470588235294 
2 0.5 0.23897058823529413 0.0325 0.0625 
0 0.6075 0.21323529411764705 0.0225 0.04044117647058824 
0 0.6425 0.29411764705882354 0.0325 0.0625 
0 0.7475 0.29044117647058826 0.035 0.07352941176470588 
1 0.825 0.2426470588235294 0.0475 0.07720588235294118 
0 0.9125 0.2867647058823529 0.05 0.08455882352941177 
1 0.3375 0.29411764705882354 0.0275 0.03308823529411765 
