0 0.0425 0.23220973782771537 0.0775 0.13857677902621723 
0 0.2425 0.3782771535580524 0.0725 0.12734082397003746 
0 0.415 0.449438202247191 0.0725 0.1198501872659176 
0 0.575 0.40823970037453183 0.0625 0.13108614232209737 
0 0.705 0.40074906367041196 0.0725 0.10112359550561797 
0 0.8225 0.40823970037453183 0.065 0.09737827715355805 
0 0.875 0.38202247191011235 0.0325 0.0749063670411985 
1 0.925 0.3895131086142322 0.055 0.0898876404494382 
1 0.505 0.32209737827715357 0.0675 0.0898876404494382 
1 0.645 0.3595505617977528 0.04 0.10486891385767791 
