0 0.2675 0.1085972850678733 0.025 0.06334841628959276 
0 0.2375 0.1493212669683258 0.04 0.06787330316742081 
0 0.165 0.6334841628959276 0.08 0.14027149321266968 
0 0.3375 0.5248868778280543 0.0625 0.12669683257918551 
0 0.42 0.31221719457013575 0.055 0.11312217194570136 
0 0.4025 0.03619909502262444 0.02 0.03619909502262444 
0 0.4575 0.05429864253393665 0.0175 0.04524886877828054 
0 0.5575 0.08144796380090498 0.03 0.049773755656108594 
0 0.5425 0.25339366515837103 0.0525 0.1085972850678733 
0 0.57 0.4253393665158371 0.0625 0.12217194570135746 
0 0.6525 0.248868778280543 0.0575 0.1085972850678733 
1 0.75 0.12669683257918551 0.03 0.058823529411764705 
0 0.8125 0.1583710407239819 0.035 0.07692307692307693 
0 0.7875 0.049773755656108594 0.0275 0.05429864253393665 
0 0.8525 0.04072398190045249 0.035 0.058823529411764705 
0 0.9 0.06787330316742081 0.0325 0.04524886877828054 
