0 0.055 0.13333333333333333 0.07 0.13333333333333333 
0 0.1725 0.1511111111111111 0.0825 0.13777777777777778 
0 0.19 0.4177777777777778 0.0875 0.1511111111111111 
0 0.105 0.7555555555555555 0.0775 0.13777777777777778 
0 0.3175 0.4622222222222222 0.085 0.16444444444444445 
0 0.2975 0.8133333333333334 0.0775 0.12 
0 0.5175 0.6177777777777778 0.0875 0.17777777777777778 
0 0.5325 0.9022222222222223 0.08 0.16444444444444445 
0 0.6 0.5688888888888889 0.0775 0.14666666666666667 
0 0.735 0.7777777777777778 0.0775 0.16444444444444445 
0 0.8475 0.32 0.08 0.15555555555555556 
0 0.97 0.18222222222222223 0.0575 0.12 
0 0.9675 0.4266666666666667 0.065 0.1511111111111111 
0 0.8375 0.6266666666666667 0.0775 0.16 
0 0.945 0.7111111111111111 0.0925 0.16444444444444445 
0 0.815 0.9244444444444444 0.0875 0.1511111111111111 
