0 0.0475 0.48847926267281105 0.02 0.04608294930875576 
0 0.135 0.5483870967741935 0.035 0.06912442396313365 
0 0.1825 0.5299539170506913 0.0575 0.11981566820276497 
0 0.23 0.5023041474654378 0.0325 0.06912442396313365 
0 0.3225 0.6774193548387096 0.06 0.10599078341013825 
0 0.0475 0.41935483870967744 0.0125 0.02304147465437788 
0 0.095 0.41935483870967744 0.015 0.027649769585253458 
0 0.1175 0.42857142857142855 0.0225 0.03686635944700461 
0 0.14 0.423963133640553 0.0175 0.03225806451612903 
0 0.2975 0.43317972350230416 0.025 0.05069124423963134 
0 0.32 0.45161290322580644 0.0175 0.03225806451612903 
0 0.335 0.511520737327189 0.0275 0.041474654377880185 
0 0.36 0.41013824884792627 0.015 0.03225806451612903 
0 0.4425 0.47465437788018433 0.0275 0.041474654377880185 
0 0.4225 0.6451612903225806 0.03 0.05069124423963134 
0 0.4975 0.46543778801843316 0.02 0.059907834101382486 
0 0.5375 0.5023041474654378 0.0325 0.06451612903225806 
0 0.525 0.6221198156682027 0.0425 0.1336405529953917 
0 0.465 0.3778801843317972 0.0175 0.03686635944700461 
0 0.4225 0.3824884792626728 0.0225 0.03686635944700461 
0 0.6425 0.5069124423963134 0.0425 0.06451612903225806 
0 0.5775 0.4377880184331797 0.0225 0.03686635944700461 
0 0.68 0.3686635944700461 0.015 0.03225806451612903 
0 0.6675 0.3317972350230415 0.015 0.027649769585253458 
0 0.78 0.695852534562212 0.13 0.2488479262672811 
0 0.9625 0.41935483870967744 0.04 0.09216589861751152 
0 0.875 0.45161290322580644 0.025 0.05069124423963134 
0 0.075 0.5990783410138248 0.0175 0.03686635944700461 
0 0.065 0.4147465437788018 0.015 0.027649769585253458 
