0 0.0425 0.8816326530612245 0.065 0.11428571428571428 
0 0.1275 0.7836734693877551 0.065 0.11020408163265306 
2 0.1675 0.7142857142857143 0.0525 0.09387755102040816 
1 0.095 0.4775510204081633 0.0425 0.06938775510204082 
0 0.085 0.3551020408163265 0.04 0.08979591836734693 
0 0.0275 0.3224489795918367 0.035 0.07346938775510205 
1 0.0825 0.04897959183673469 0.05 0.08163265306122448 
0 0.2975 0.07755102040816327 0.0525 0.08163265306122448 
0 0.26 0.2693877551020408 0.055 0.06938775510204082 
0 0.265 0.49795918367346936 0.045 0.08979591836734693 
0 0.375 0.926530612244898 0.07 0.10612244897959183 
0 0.5175 0.746938775510204 0.0625 0.08163265306122448 
0 0.565 0.8244897959183674 0.0725 0.10204081632653061 
0 0.4975 0.42857142857142855 0.0575 0.09387755102040816 
0 0.4825 0.27755102040816326 0.0625 0.08571428571428572 
0 0.49 0.1510204081632653 0.0575 0.07346938775510205 
0 0.64 0.49387755102040815 0.0475 0.08163265306122448 
0 0.66 0.27346938775510204 0.0525 0.08979591836734693 
0 0.745 0.2693877551020408 0.0575 0.09387755102040816 
0 0.9325 0.6448979591836734 0.07 0.07346938775510205 
0 0.8925 0.3469387755102041 0.06 0.08163265306122448 
0 0.8225 0.20408163265306123 0.045 0.07346938775510205 
0 0.82 0.08979591836734693 0.045 0.061224489795918366 
