0 0.135 0.46017699115044247 0.1075 0.19911504424778761 
0 0.1825 0.3584070796460177 0.0725 0.1504424778761062 
0 0.1125 0.22123893805309736 0.0475 0.09292035398230089 
0 0.3275 0.4469026548672566 0.1525 0.2743362831858407 
0 0.1975 0.17256637168141592 0.05 0.08849557522123894 
0 0.61 0.4823008849557522 0.105 0.1592920353982301 
0 0.635 0.17699115044247787 0.07 0.10619469026548672 
0 0.755 0.3230088495575221 0.08 0.1504424778761062 
0 0.96 0.22123893805309736 0.07 0.12831858407079647 
0 0.02 0.252212389380531 0.0375 0.11061946902654868 
