1 0.1275 0.20952380952380953 0.025 0.05238095238095238 
1 0.265 0.26666666666666666 0.0275 0.06190476190476191 
1 0.4975 0.2 0.0275 0.08095238095238096 
1 0.59 0.1523809523809524 0.0325 0.08095238095238096 
1 0.6525 0.2857142857142857 0.045 0.08571428571428572 
1 0.75 0.21428571428571427 0.0275 0.047619047619047616 
1 0.715 0.22380952380952382 0.0225 0.047619047619047616 
1 0.68 0.22857142857142856 0.0275 0.06190476190476191 
1 0.66 0.1761904761904762 0.025 0.047619047619047616 
1 0.8575 0.18095238095238095 0.0325 0.07142857142857142 
