0 0.065 0.24 0.115 0.2222222222222222 
0 0.34 0.37777777777777777 0.0775 0.15555555555555556 
0 0.4275 0.2222222222222222 0.035 0.08888888888888889 
0 0.52 0.24 0.0675 0.13777777777777778 
0 0.8975 0.26666666666666666 0.0375 0.07111111111111111 
1 0.9625 0.27555555555555555 0.0325 0.07555555555555556 
1 0.7825 0.24444444444444444 0.0425 0.08444444444444445 
1 0.72 0.23555555555555555 0.0375 0.08444444444444445 
1 0.6425 0.24 0.0425 0.1111111111111111 
1 0.215 0.2577777777777778 0.055 0.09777777777777778 
1 0.1575 0.24888888888888888 0.025 0.04888888888888889 
