0 0.3875 0.6066666666666667 0.1625 0.23 
0 0.0725 0.8766666666666667 0.14 0.21333333333333335 
0 0.095 0.30333333333333334 0.1175 0.16333333333333333 
0 0.34 0.31666666666666665 0.1125 0.14 
0 0.66 0.3566666666666667 0.1425 0.18333333333333332 
0 0.53 0.18 0.105 0.16 
0 0.745 0.10333333333333333 0.095 0.14 
0 0.0275 0.3333333333333333 0.05 0.11 
0 0.8725 0.11666666666666667 0.095 0.11666666666666667 
0 0.6475 0.1 0.0675 0.11333333333333333 
1 0.4425 0.19666666666666666 0.07 0.10333333333333333 
1 0.915 0.2833333333333333 0.135 0.17333333333333334 
