1 0.1325 0.9102040816326531 0.045 0.0653061224489796 
1 0.03 0.6775510204081633 0.04 0.0653061224489796 
1 0.15 0.6857142857142857 0.0375 0.0653061224489796 
1 0.045 0.5755102040816327 0.035 0.05714285714285714 
1 0.165 0.5346938775510204 0.0425 0.0653061224489796 
1 0.0575 0.43673469387755104 0.0375 0.061224489795918366 
1 0.165 0.44081632653061226 0.035 0.04081632653061224 
1 0.2025 0.3877551020408163 0.0325 0.04897959183673469 
1 0.065 0.2897959183673469 0.0325 0.053061224489795916 
1 0.0975 0.24081632653061225 0.0275 0.036734693877551024 
1 0.2125 0.2612244897959184 0.035 0.05714285714285714 
1 0.12 0.11836734693877551 0.03 0.04897959183673469 
1 0.21 0.1346938775510204 0.035 0.05714285714285714 
1 0.2275 0.0653061224489796 0.0325 0.044897959183673466 
1 0.395 0.12653061224489795 0.0175 0.04081632653061224 
0 0.4725 0.11020408163265306 0.02 0.044897959183673466 
0 0.5175 0.09795918367346938 0.0225 0.04081632653061224 
1 0.455 0.14285714285714285 0.03 0.044897959183673466 
1 0.4575 0.2 0.0275 0.044897959183673466 
0 0.4375 0.3020408163265306 0.0275 0.04081632653061224 
1 0.475 0.3510204081632653 0.02 0.044897959183673466 
1 0.4525 0.40408163265306124 0.0225 0.04897959183673469 
1 0.4575 0.4897959183673469 0.03 0.053061224489795916 
1 0.4325 0.5836734693877551 0.0375 0.05714285714285714 
1 0.4675 0.6571428571428571 0.0325 0.044897959183673466 
1 0.4775 0.8408163265306122 0.035 0.04081632653061224 
1 0.4925 0.9306122448979591 0.0425 0.06938775510204082 
1 0.4625 0.9142857142857143 0.015 0.044897959183673466 
0 0.5225 0.4448979591836735 0.0325 0.04897959183673469 
1 0.555 0.4857142857142857 0.035 0.061224489795918366 
1 0.5625 0.39183673469387753 0.035 0.053061224489795916 
1 0.535 0.3877551020408163 0.025 0.04897959183673469 
1 0.525 0.20816326530612245 0.0175 0.036734693877551024 
1 0.5475 0.23265306122448978 0.03 0.04897959183673469 
1 0.5825 0.11020408163265306 0.025 0.044897959183673466 
1 0.59 0.2530612244897959 0.03 0.04897959183673469 
1 0.6375 0.24081632653061225 0.025 0.036734693877551024 
1 0.6375 0.3510204081632653 0.0325 0.04897959183673469 
1 0.6175 0.5265306122448979 0.03 0.04081632653061224 
1 0.5625 0.673469387755102 0.0275 0.05714285714285714 
1 0.6 0.7224489795918367 0.035 0.05714285714285714 
1 0.6425 0.7183673469387755 0.0325 0.05714285714285714 
1 0.65 0.5510204081632653 0.035 0.05714285714285714 
1 0.64 0.9428571428571428 0.03 0.05714285714285714 
1 0.6175 0.15510204081632653 0.0275 0.04081632653061224 
1 0.6575 0.12653061224489795 0.0175 0.04081632653061224 
1 0.6475 0.07346938775510205 0.0225 0.0326530612244898 
1 0.715 0.09795918367346938 0.0225 0.036734693877551024 
1 0.69 0.1306122448979592 0.025 0.02857142857142857 
1 0.72 0.17551020408163265 0.03 0.036734693877551024 
1 0.7075 0.27755102040816326 0.035 0.04081632653061224 
1 0.73 0.2530612244897959 0.0125 0.044897959183673466 
1 0.7 0.37551020408163266 0.0325 0.04081632653061224 
1 0.73 0.4204081632653061 0.0325 0.053061224489795916 
1 0.755 0.42857142857142855 0.0175 0.044897959183673466 
1 0.7425 0.5306122448979592 0.0325 0.053061224489795916 
1 0.735 0.6693877551020408 0.0375 0.044897959183673466 
1 0.77 0.8040816326530612 0.035 0.053061224489795916 
1 0.785 0.8775510204081632 0.0225 0.0326530612244898 
1 0.8025 0.9673469387755103 0.035 0.053061224489795916 
1 0.76 0.10204081632653061 0.0175 0.02857142857142857 
