0 0.11 0.587378640776699 0.08 0.1796116504854369 
0 0.07 0.27184466019417475 0.065 0.14563106796116504 
0 0.1375 0.12135922330097088 0.0575 0.15048543689320387 
0 0.2275 0.5145631067961165 0.065 0.16990291262135923 
0 0.1675 0.41262135922330095 0.055 0.13592233009708737 
0 0.335 0.5970873786407767 0.06 0.19902912621359223 
0 0.275 0.9368932038834952 0.095 0.12135922330097088 
0 0.43 0.9029126213592233 0.11 0.1941747572815534 
0 0.4225 0.3640776699029126 0.07 0.17475728155339806 
0 0.3425 0.24757281553398058 0.0625 0.14563106796116504 
0 0.5475 0.38349514563106796 0.06 0.14563106796116504 
0 0.58 0.7864077669902912 0.0825 0.16019417475728157 
0 0.63 0.587378640776699 0.0625 0.1796116504854369 
0 0.6075 0.3300970873786408 0.065 0.1650485436893204 
0 0.665 0.13106796116504854 0.055 0.13592233009708737 
1 0.5375 0.0970873786407767 0.0475 0.0970873786407767 
0 0.7675 0.4223300970873786 0.0575 0.14563106796116504 
0 0.81 0.6844660194174758 0.09 0.20388349514563106 
0 0.86 0.6553398058252428 0.0575 0.1553398058252427 
0 0.9675 0.46116504854368934 0.07 0.18446601941747573 
0 0.9275 0.20388349514563106 0.0625 0.15048543689320387 
0 0.945 0.05825242718446602 0.0525 0.09223300970873786 
0 0.85 0.3640776699029126 0.0675 0.1407766990291262 
0 0.975 0.8932038834951457 0.0475 0.21359223300970873 
