0 0.085 0.31835205992509363 0.045 0.0749063670411985 
0 0.1475 0.2846441947565543 0.0375 0.0599250936329588 
0 0.2 0.250936329588015 0.03 0.04868913857677903 
0 0.2675 0.3258426966292135 0.0475 0.07116104868913857 
0 0.42 0.3146067415730337 0.0475 0.07116104868913857 
0 0.5075 0.24719101123595505 0.0825 0.13108614232209737 
0 0.605 0.2397003745318352 0.0425 0.08614232209737828 
0 0.6975 0.3258426966292135 0.03 0.0449438202247191 
0 0.7625 0.2808988764044944 0.0425 0.0749063670411985 
0 0.855 0.3333333333333333 0.035 0.0599250936329588 
0 0.94 0.30337078651685395 0.035 0.06367041198501873 
0 0.9725 0.29213483146067415 0.02 0.04868913857677903 
0 0.28 0.2397003745318352 0.0275 0.03745318352059925 
