0 0.0975 0.24 0.0525 0.06222222222222222 
0 0.2625 0.20444444444444446 0.045 0.06666666666666667 
0 0.1575 0.28888888888888886 0.02 0.04 
0 0.3375 0.24888888888888888 0.0275 0.04888888888888889 
0 0.425 0.24 0.0375 0.08 
0 0.5325 0.2577777777777778 0.04 0.08444444444444445 
0 0.7125 0.26222222222222225 0.0275 0.08444444444444445 
0 0.8625 0.24444444444444444 0.0375 0.07555555555555556 
0 0.585 0.3377777777777778 0.01 0.022222222222222223 
0 0.99 0.36 0.01 0.022222222222222223 
0 0.9775 0.3688888888888889 0.015 0.02666666666666667 
