0 0.23 0.3383838383838384 0.0575 0.10606060606060606 
0 0.3025 0.25757575757575757 0.075 0.14646464646464646 
0 0.4075 0.36363636363636365 0.0675 0.14646464646464646 
0 0.355 0.6666666666666666 0.0625 0.1414141414141414 
0 0.4675 0.23232323232323232 0.0475 0.12626262626262627 
0 0.5325 0.19696969696969696 0.0475 0.11616161616161616 
0 0.48 0.8737373737373737 0.0625 0.13131313131313133 
0 0.735 0.25252525252525254 0.075 0.16161616161616163 
0 0.905 0.07575757575757576 0.075 0.1414141414141414 
0 0.97 0.11616161616161616 0.06 0.16666666666666666 
