0 0.545 0.5842696629213483 0.1 0.15355805243445692 
0 0.0325 0.44569288389513106 0.02 0.033707865168539325 
0 0.1275 0.4794007490636704 0.0075 0.033707865168539325 
0 0.24 0.47191011235955055 0.015 0.0299625468164794 
0 0.2725 0.4606741573033708 0.02 0.0299625468164794 
0 0.3775 0.4794007490636704 0.015 0.03745318352059925 
1 0.3475 0.449438202247191 0.0225 0.03745318352059925 
0 0.4325 0.45318352059925093 0.0175 0.03745318352059925 
0 0.495 0.45692883895131087 0.02 0.04119850187265917 
0 0.655 0.4681647940074906 0.015 0.03745318352059925 
0 0.6975 0.45318352059925093 0.01 0.0299625468164794 
0 0.7375 0.4794007490636704 0.0125 0.0299625468164794 
0 0.8725 0.33707865168539325 0.0175 0.02247191011235955 
0 0.94 0.45692883895131087 0.01 0.026217228464419477 
1 0.8875 0.45318352059925093 0.0175 0.033707865168539325 
0 0.89 0.3970037453183521 0.0175 0.026217228464419477 
