0 0.845 0.44569288389513106 0.11 0.10861423220973783 
0 0.68 0.3445692883895131 0.0725 0.13108614232209737 
0 0.615 0.3333333333333333 0.0725 0.11610486891385768 
0 0.545 0.29213483146067415 0.07 0.10861423220973783 
0 0.4375 0.299625468164794 0.0625 0.10486891385767791 
0 0.3975 0.2808988764044944 0.035 0.10112359550561797 
0 0.3625 0.29213483146067415 0.035 0.08614232209737828 
0 0.3075 0.20599250936329588 0.055 0.0898876404494382 
0 0.2625 0.250936329588015 0.055 0.08239700374531835 
0 0.12 0.26591760299625467 0.0325 0.056179775280898875 
0 0.025 0.23595505617977527 0.0375 0.06741573033707865 
