0 0.175 0.29045643153526973 0.035 0.0954356846473029 
0 0.3525 0.3775933609958506 0.05 0.08713692946058091 
0 0.53 0.36929460580912865 0.0525 0.0912863070539419 
0 0.76 0.34439834024896265 0.055 0.0954356846473029 
0 0.87 0.35269709543568467 0.0275 0.11618257261410789 
1 0.685 0.31950207468879666 0.0175 0.03734439834024896 
1 0.5975 0.3941908713692946 0.0175 0.03319502074688797 
1 0.5975 0.3278008298755187 0.0175 0.029045643153526972 
0 0.665 0.3278008298755187 0.01 0.024896265560165973 
0 0.7075 0.3112033195020747 0.0125 0.024896265560165973 
