0 0.0975 0.7522123893805309 0.17 0.3185840707964602 
0 0.2625 0.6150442477876106 0.1025 0.1902654867256637 
1 0.3025 0.3805309734513274 0.065 0.10619469026548672 
0 0.4125 0.5132743362831859 0.085 0.14601769911504425 
1 0.4775 0.35398230088495575 0.035 0.11946902654867257 
0 0.5475 0.4247787610619469 0.1075 0.21238938053097345 
0 0.645 0.42035398230088494 0.085 0.18141592920353983 
1 0.675 0.13716814159292035 0.045 0.084070796460177 
0 0.865 0.21238938053097345 0.0475 0.0752212389380531 
0 0.92 0.18141592920353983 0.055 0.10176991150442478 
0 0.74 0.3141592920353982 0.0475 0.084070796460177 
0 0.7825 0.42035398230088494 0.0725 0.1415929203539823 
0 0.96 0.43805309734513276 0.0675 0.13716814159292035 
0 0.755 0.911504424778761 0.135 0.168141592920354 
0 0.4425 0.10176991150442478 0.0325 0.05752212389380531 
1 0.5975 0.13716814159292035 0.03 0.07079646017699115 
1 0.7775 0.048672566371681415 0.0325 0.048672566371681415 
