0 0.105 0.4307116104868914 0.0325 0.08614232209737828 
0 0.2 0.44569288389513106 0.0175 0.04119850187265917 
0 0.2825 0.46441947565543074 0.025 0.056179775280898875 
1 0.5 0.40823970037453183 0.03 0.056179775280898875 
0 0.465 0.5730337078651685 0.0525 0.09363295880149813 
0 0.635 0.3782771535580524 0.0225 0.04868913857677903 
0 0.6225 0.5280898876404494 0.055 0.07865168539325842 
0 0.78 0.47191011235955055 0.035 0.0449438202247191 
0 0.8675 0.4307116104868914 0.0325 0.033707865168539325 
2 0.8275 0.5805243445692884 0.0475 0.08614232209737828 
