0 0.085 0.5280898876404494 0.0725 0.12734082397003746 
0 0.1325 0.9101123595505618 0.0975 0.1797752808988764 
0 0.2525 0.6367041198501873 0.065 0.12359550561797752 
0 0.2875 0.40823970037453183 0.0425 0.0749063670411985 
0 0.35 0.352059925093633 0.0375 0.07865168539325842 
0 0.5025 0.4606741573033708 0.045 0.08614232209737828 
0 0.5575 0.3445692883895131 0.04 0.07865168539325842 
0 0.6775 0.4344569288389513 0.0375 0.06367041198501873 
0 0.7725 0.4868913857677903 0.035 0.07865168539325842 
0 0.87 0.5880149812734082 0.04 0.11235955056179775 
0 0.6 0.31086142322097376 0.0425 0.08239700374531835 
