0 0.085 0.2693877551020408 0.0425 0.08571428571428572 
0 0.1675 0.3183673469387755 0.05 0.07346938775510205 
0 0.3 0.23673469387755103 0.0275 0.05714285714285714 
0 0.355 0.2979591836734694 0.0475 0.09795918367346938 
0 0.3725 0.23673469387755103 0.03 0.061224489795918366 
0 0.4075 0.27755102040816326 0.04 0.07755102040816327 
0 0.455 0.4775510204081633 0.05 0.08163265306122448 
0 0.435 0.2571428571428571 0.015 0.05714285714285714 
0 0.4775 0.27346938775510204 0.0275 0.061224489795918366 
0 0.5275 0.2693877551020408 0.03 0.06938775510204082 
0 0.56 0.27755102040816326 0.0425 0.08163265306122448 
0 0.6125 0.30612244897959184 0.0375 0.0653061224489796 
0 0.65 0.3306122448979592 0.0375 0.07755102040816327 
0 0.7125 0.3551020408163265 0.0525 0.08163265306122448 
0 0.72 0.2163265306122449 0.0225 0.053061224489795916 
0 0.77 0.2571428571428571 0.035 0.06938775510204082 
1 0.8075 0.2571428571428571 0.035 0.061224489795918366 
0 0.84 0.24897959183673468 0.02 0.044897959183673466 
0 0.8825 0.24081632653061225 0.04 0.0653061224489796 
0 0.9375 0.2571428571428571 0.0475 0.07755102040816327 
