0 0.09 0.30337078651685395 0.0575 0.0898876404494382 
2 0.2425 0.3595505617977528 0.0475 0.07116104868913857 
0 0.345 0.2696629213483146 0.0525 0.08614232209737828 
0 0.3675 0.6853932584269663 0.1025 0.1947565543071161 
0 0.41 0.4756554307116105 0.085 0.13108614232209737 
0 0.535 0.25842696629213485 0.03 0.0599250936329588 
0 0.6175 0.4344569288389513 0.09 0.15355805243445692 
2 0.675 0.20599250936329588 0.035 0.07116104868913857 
0 0.6975 0.30711610486891383 0.045 0.0749063670411985 
0 0.7725 0.449438202247191 0.0575 0.09363295880149813 
0 0.795 0.2808988764044944 0.05 0.07865168539325842 
0 0.8925 0.5280898876404494 0.1175 0.1647940074906367 
0 0.93 0.21348314606741572 0.0375 0.0599250936329588 
0 0.875 0.21722846441947566 0.04 0.06741573033707865 
0 0.03 0.6104868913857678 0.055 0.11610486891385768 
