0 0.0875 0.3295880149812734 0.0375 0.07865168539325842 
0 0.42 0.27715355805243447 0.04 0.06367041198501873 
0 0.45 0.15730337078651685 0.03 0.07116104868913857 
0 0.5225 0.18352059925093633 0.035 0.07116104868913857 
1 0.605 0.18352059925093633 0.0275 0.06367041198501873 
2 0.6425 0.20599250936329588 0.0425 0.08239700374531835 
0 0.76 0.17228464419475656 0.0325 0.0599250936329588 
0 0.8475 0.2247191011235955 0.0325 0.07116104868913857 
0 0.95 0.20599250936329588 0.0275 0.0599250936329588 
2 0.9825 0.20224719101123595 0.035 0.0749063670411985 
