0 0.13 0.050359712230215826 0.015 0.02158273381294964 
0 0.09 0.2014388489208633 0.02 0.02877697841726619 
1 0.14 0.29136690647482016 0.0225 0.03597122302158273 
0 0.13 0.37050359712230213 0.0275 0.039568345323741004 
0 0.1775 0.3776978417266187 0.0175 0.039568345323741004 
0 0.0175 0.48201438848920863 0.025 0.039568345323741004 
0 0.0725 0.46402877697841727 0.025 0.03237410071942446 
0 0.1325 0.4748201438848921 0.03 0.039568345323741004 
1 0.1125 0.5719424460431655 0.0275 0.039568345323741004 
0 0.075 0.7050359712230215 0.0275 0.03237410071942446 
1 0.16 0.6330935251798561 0.0225 0.039568345323741004 
0 0.3625 0.017985611510791366 0.0175 0.025179856115107913 
0 0.3525 0.05755395683453238 0.0225 0.03237410071942446 
0 0.3175 0.09352517985611511 0.015 0.025179856115107913 
0 0.3025 0.1223021582733813 0.015 0.02877697841726619 
0 0.2675 0.1510791366906475 0.02 0.02877697841726619 
0 0.245 0.24100719424460432 0.0175 0.02158273381294964 
1 0.2125 0.2517985611510791 0.0175 0.02158273381294964 
0 0.2225 0.2841726618705036 0.0175 0.025179856115107913 
1 0.2675 0.29136690647482016 0.02 0.02877697841726619 
0 0.265 0.4028776978417266 0.02 0.03237410071942446 
1 0.285 0.45323741007194246 0.0175 0.02877697841726619 
2 0.29 0.564748201438849 0.0275 0.04316546762589928 
0 0.2625 0.6151079136690647 0.03 0.04316546762589928 
0 0.325 0.7805755395683454 0.0325 0.050359712230215826 
0 0.245 0.9496402877697842 0.0375 0.0539568345323741 
0 0.455 0.017985611510791366 0.01 0.017985611510791366 
0 0.42 0.05755395683453238 0.015 0.025179856115107913 
0 0.3925 0.07194244604316546 0.0175 0.02158273381294964 
1 0.4025 0.11870503597122302 0.0125 0.025179856115107913 
0 0.4325 0.1079136690647482 0.02 0.03237410071942446 
0 0.325 0.20863309352517986 0.0175 0.025179856115107913 
0 0.3975 0.20863309352517986 0.0175 0.02877697841726619 
1 0.3475 0.24100719424460432 0.02 0.03237410071942446 
1 0.3 0.2733812949640288 0.0175 0.02877697841726619 
0 0.3675 0.2949640287769784 0.0225 0.03237410071942446 
0 0.3425 0.37050359712230213 0.0225 0.025179856115107913 
0 0.455 0.3273381294964029 0.02 0.03237410071942446 
0 0.4225 0.37410071942446044 0.025 0.02877697841726619 
0 0.3575 0.46402877697841727 0.02 0.03597122302158273 
0 0.4325 0.4352517985611511 0.0225 0.03597122302158273 
0 0.3775 0.6258992805755396 0.025 0.04316546762589928 
0 0.3825 0.7014388489208633 0.025 0.04316546762589928 
0 0.41 0.7122302158273381 0.0275 0.046762589928057555 
0 0.4125 0.9388489208633094 0.0375 0.0539568345323741 
0 0.4625 0.7949640287769785 0.0175 0.03597122302158273 
0 0.47 0.5899280575539568 0.0275 0.039568345323741004 
0 0.455 0.5503597122302158 0.0275 0.02877697841726619 
0 0.4775 0.07194244604316546 0.0125 0.02158273381294964 
0 0.545 0.03597122302158273 0.0125 0.02158273381294964 
0 0.51 0.07913669064748201 0.0125 0.01079136690647482 
0 0.54 0.1079136690647482 0.0175 0.025179856115107913 
0 0.575 0.06474820143884892 0.015 0.025179856115107913 
0 0.4975 0.14388489208633093 0.0175 0.02877697841726619 
0 0.535 0.2014388489208633 0.01 0.017985611510791366 
0 0.5075 0.24100719424460432 0.0225 0.025179856115107913 
0 0.5625 0.302158273381295 0.02 0.02877697841726619 
0 0.4875 0.3669064748201439 0.02 0.03597122302158273 
0 0.5575 0.35251798561151076 0.02 0.02877697841726619 
0 0.5375 0.3776978417266187 0.0225 0.039568345323741004 
0 0.4975 0.4568345323741007 0.02 0.03237410071942446 
0 0.63 0.01079136690647482 0.015 0.017985611510791366 
0 0.6425 0.08992805755395683 0.015 0.025179856115107913 
0 0.6675 0.07194244604316546 0.0125 0.02158273381294964 
0 0.695 0.08992805755395683 0.01 0.02158273381294964 
0 0.705 0.09352517985611511 0.015 0.025179856115107913 
1 0.6775 0.14028776978417265 0.0125 0.02158273381294964 
0 0.7375 0.11151079136690648 0.015 0.02877697841726619 
1 0.74 0.14388489208633093 0.015 0.025179856115107913 
0 0.71 0.20503597122302158 0.0175 0.025179856115107913 
1 0.645 0.17266187050359713 0.0175 0.02158273381294964 
2 0.625 0.1906474820143885 0.02 0.02877697841726619 
0 0.6375 0.29856115107913667 0.02 0.025179856115107913 
0 0.605 0.39568345323741005 0.0225 0.03237410071942446 
0 0.6725 0.38848920863309355 0.02 0.02877697841726619 
0 0.5975 0.5251798561151079 0.0275 0.03237410071942446 
0 0.605 0.762589928057554 0.0325 0.046762589928057555 
0 0.55 0.8741007194244604 0.035 0.050359712230215826 
0 0.6475 0.8309352517985612 0.0325 0.046762589928057555 
0 0.7675 0.014388489208633094 0.0175 0.02158273381294964 
0 0.8225 0.07913669064748201 0.015 0.02877697841726619 
1 0.84 0.09352517985611511 0.0125 0.02158273381294964 
0 0.8225 0.14388489208633093 0.0125 0.025179856115107913 
0 0.8275 0.17266187050359713 0.0175 0.025179856115107913 
0 0.7775 0.24100719424460432 0.02 0.03237410071942446 
0 0.82 0.30935251798561153 0.0175 0.02877697841726619 
0 0.6975 0.42805755395683454 0.0225 0.03597122302158273 
0 0.7325 0.4028776978417266 0.0225 0.03237410071942446 
0 0.72 0.46402877697841727 0.025 0.03237410071942446 
0 0.7275 0.539568345323741 0.0225 0.039568345323741004 
0 0.7 0.5575539568345323 0.0275 0.04316546762589928 
0 0.76 0.9172661870503597 0.035 0.0539568345323741 
0 0.905 0.9784172661870504 0.04 0.039568345323741004 
0 0.9675 0.9856115107913669 0.0375 0.02877697841726619 
0 0.91 0.8093525179856115 0.0325 0.04316546762589928 
0 0.9425 0.7877697841726619 0.0275 0.050359712230215826 
0 0.945 0.6079136690647482 0.0275 0.04316546762589928 
0 0.945 0.5359712230215827 0.0275 0.039568345323741004 
0 0.9975 0.49280575539568344 0.01 0.03597122302158273 
0 0.9 0.4784172661870504 0.02 0.017985611510791366 
0 0.915 0.43884892086330934 0.0225 0.03597122302158273 
0 0.8825 0.3776978417266187 0.0225 0.03597122302158273 
0 0.9275 0.3237410071942446 0.02 0.03597122302158273 
0 0.8725 0.3237410071942446 0.0225 0.03237410071942446 
0 0.8525 0.2841726618705036 0.0175 0.03237410071942446 
0 0.91 0.27697841726618705 0.0125 0.02158273381294964 
0 0.8575 0.22661870503597123 0.02 0.02877697841726619 
0 0.8725 0.16906474820143885 0.015 0.025179856115107913 
0 0.9625 0.18345323741007194 0.0125 0.025179856115107913 
0 0.985 0.1079136690647482 0.015 0.025179856115107913 
0 0.8975 0.07553956834532374 0.015 0.02158273381294964 
0 0.87 0.04316546762589928 0.0125 0.025179856115107913 
0 0.9325 0.0539568345323741 0.015 0.017985611510791366 
1 0.96 0.03237410071942446 0.01 0.02158273381294964 
1 0.995 0.07194244604316546 0.0125 0.017985611510791366 
