1 0.0375 0.23220973782771537 0.0425 0.0749063670411985 
0 0.0975 0.2846441947565543 0.0675 0.1348314606741573 
0 0.16 0.27715355805243447 0.03 0.04119850187265917 
0 0.305 0.23595505617977527 0.055 0.09737827715355805 
0 0.3525 0.2696629213483146 0.035 0.07116104868913857 
0 0.5325 0.29213483146067415 0.0375 0.07116104868913857 
1 0.5825 0.24719101123595505 0.0375 0.0749063670411985 
0 0.6275 0.31835205992509363 0.0425 0.0749063670411985 
0 0.7925 0.3445692883895131 0.0525 0.0898876404494382 
1 0.4 0.3595505617977528 0.0275 0.03745318352059925 
0 0.9475 0.23220973782771537 0.02 0.0299625468164794 
0 0.7075 0.2397003745318352 0.025 0.0449438202247191 
