0 0.055 0.02564102564102564 0.055 0.04395604395604396 
0 0.325 0.06227106227106227 0.0525 0.07692307692307693 
0 0.2575 0.17216117216117216 0.0525 0.08424908424908426 
1 0.425 0.06593406593406594 0.045 0.0695970695970696 
0 0.3475 0.19047619047619047 0.065 0.10989010989010989 
0 0.065 0.6996336996336996 0.12 0.3076923076923077 
1 0.5925 0.2087912087912088 0.035 0.0695970695970696 
1 0.5525 0.26373626373626374 0.0575 0.08424908424908426 
0 0.495 0.42124542124542125 0.0725 0.11721611721611722 
0 0.69 0.1391941391941392 0.055 0.0989010989010989 
0 0.83 0.1978021978021978 0.045 0.08424908424908426 
0 0.78 0.47985347985347987 0.0725 0.10256410256410256 
0 0.935 0.3553113553113553 0.0575 0.08058608058608059 
