0 0.0475 0.26907630522088355 0.05 0.0963855421686747 
0 0.11 0.24899598393574296 0.06 0.0963855421686747 
0 0.2775 0.14859437751004015 0.045 0.09236947791164658 
0 0.24 0.3453815261044177 0.045 0.10441767068273092 
0 0.3175 0.30120481927710846 0.05 0.10040160642570281 
0 0.3975 0.3132530120481928 0.0575 0.10441767068273092 
0 0.4475 0.23293172690763053 0.0575 0.09236947791164658 
0 0.5125 0.285140562248996 0.0575 0.10040160642570281 
0 0.5725 0.25301204819277107 0.06 0.10441767068273092 
0 0.695 0.28112449799196787 0.05 0.08835341365461848 
0 0.7475 0.2891566265060241 0.0425 0.10441767068273092 
0 0.84 0.25301204819277107 0.065 0.11244979919678715 
0 0.945 0.24096385542168675 0.06 0.10441767068273092 
0 0.3425 0.20080321285140562 0.0525 0.08835341365461848 
0 0.99 0.3855421686746988 0.0225 0.08032128514056225 
