0 0.09 0.449438202247191 0.095 0.12359550561797752 
0 0.1725 0.352059925093633 0.085 0.12359550561797752 
2 0.215 0.27715355805243447 0.0725 0.13857677902621723 
0 0.3975 0.33707865168539325 0.0875 0.13108614232209737 
0 0.4875 0.27340823970037453 0.075 0.12734082397003746 
0 0.63 0.30711610486891383 0.06 0.10486891385767791 
0 0.705 0.2958801498127341 0.0775 0.13108614232209737 
0 0.8525 0.1760299625468165 0.045 0.10112359550561797 
0 0.965 0.18726591760299627 0.0475 0.08614232209737828 
2 0.535 0.9400749063670412 0.0775 0.10861423220973783 
