0 0.0875 0.27715355805243447 0.0425 0.0749063670411985 
0 0.16 0.30711610486891383 0.04 0.07865168539325842 
0 0.2775 0.2546816479400749 0.0425 0.0749063670411985 
0 0.4 0.36704119850187267 0.0425 0.07116104868913857 
0 0.4175 0.250936329588015 0.04 0.052434456928838954 
0 0.5525 0.21348314606741572 0.04 0.0749063670411985 
0 0.6575 0.27340823970037453 0.025 0.07865168539325842 
0 0.7125 0.299625468164794 0.0375 0.08239700374531835 
0 0.84 0.2883895131086142 0.04 0.06367041198501873 
0 0.9025 0.3146067415730337 0.0375 0.06741573033707865 
