0 0.0575 0.2247191011235955 0.07 0.08614232209737828 
0 0.19 0.20973782771535582 0.065 0.09737827715355805 
0 0.315 0.20224719101123595 0.07 0.10112359550561797 
0 0.405 0.2397003745318352 0.0625 0.06741573033707865 
0 0.4575 0.24344569288389514 0.0625 0.10112359550561797 
0 0.705 0.2209737827715356 0.0625 0.14232209737827714 
0 0.845 0.2846441947565543 0.0725 0.13108614232209737 
0 0.895 0.550561797752809 0.0775 0.14606741573033707 
0 0.8075 0.6367041198501873 0.0825 0.11235955056179775 
0 0.61 0.6142322097378277 0.0725 0.1198501872659176 
0 0.5225 0.5056179775280899 0.0675 0.14232209737827714 
0 0.35 0.5955056179775281 0.09 0.11235955056179775 
0 0.14 0.5056179775280899 0.0725 0.12734082397003746 
