0 0.0725 0.21238938053097345 0.06 0.09734513274336283 
0 0.1925 0.12831858407079647 0.0475 0.0752212389380531 
0 0.3075 0.17699115044247787 0.045 0.07079646017699115 
0 0.395 0.18584070796460178 0.0575 0.09734513274336283 
0 0.5375 0.12389380530973451 0.04 0.0752212389380531 
0 0.61 0.15486725663716813 0.0325 0.07079646017699115 
0 0.685 0.14601769911504425 0.0375 0.05752212389380531 
0 0.735 0.13274336283185842 0.0375 0.0752212389380531 
0 0.8425 0.17699115044247787 0.055 0.09292035398230089 
0 0.915 0.1592920353982301 0.045 0.07964601769911504 
