0 0.8475 0.16853932584269662 0.055 0.0898876404494382 
2 0.9375 0.30337078651685395 0.045 0.08239700374531835 
0 0.645 0.19850187265917604 0.0475 0.07116104868913857 
0 0.7125 0.2958801498127341 0.035 0.0599250936329588 
0 0.0925 0.21348314606741572 0.0425 0.0749063670411985 
2 0.12 0.2808988764044944 0.055 0.09363295880149813 
2 0.48 0.19850187265917604 0.065 0.10112359550561797 
1 0.1975 0.2958801498127341 0.055 0.0898876404494382 
1 0.0225 0.20224719101123595 0.0425 0.06367041198501873 
1 0.365 0.24719101123595505 0.045 0.07116104868913857 
1 0.605 0.2209737827715356 0.035 0.0599250936329588 
1 0.7275 0.15730337078651685 0.0475 0.06741573033707865 
1 0.24 0.23220973782771537 0.035 0.06367041198501873 
