0 0.0425 0.9513274336283186 0.0725 0.08849557522123894 
0 0.1225 0.8539823008849557 0.07 0.13274336283185842 
2 0.1675 0.7654867256637168 0.055 0.11946902654867257 
1 0.095 0.4778761061946903 0.05 0.09292035398230089 
0 0.265 0.5 0.05 0.11061946902654868 
0 0.26 0.22123893805309736 0.0575 0.09292035398230089 
0 0.085 0.3274336283185841 0.045 0.10619469026548672 
0 0.0225 0.2831858407079646 0.0325 0.08849557522123894 
0 0.5625 0.9026548672566371 0.0725 0.12831858407079647 
0 0.52 0.8097345132743363 0.065 0.09734513274336283 
0 0.5 0.415929203539823 0.06 0.10619469026548672 
0 0.4825 0.22123893805309736 0.0625 0.09292035398230089 
0 0.4875 0.06637168141592921 0.0575 0.0752212389380531 
0 0.6625 0.22123893805309736 0.055 0.11061946902654868 
0 0.6425 0.48672566371681414 0.055 0.10176991150442478 
0 0.75 0.22123893805309736 0.06 0.11504424778761062 
0 0.8225 0.1415929203539823 0.0575 0.08849557522123894 
0 0.895 0.3185840707964602 0.0675 0.10176991150442478 
0 0.935 0.6814159292035398 0.065 0.10176991150442478 
