0 0.195 0.4469026548672566 0.0775 0.14601769911504425 
1 0.3925 0.6150442477876106 0.14 0.2920353982300885 
0 0.0925 0.3407079646017699 0.06 0.11946902654867257 
2 0.1675 0.17699115044247787 0.045 0.10176991150442478 
1 0.2225 0.33185840707964603 0.055 0.08849557522123894 
0 0.2825 0.2610619469026549 0.0525 0.07964601769911504 
0 0.35 0.23893805309734514 0.06 0.084070796460177 
0 0.4275 0.28761061946902655 0.05 0.07964601769911504 
0 0.4725 0.3584070796460177 0.0575 0.10619469026548672 
0 0.5475 0.3672566371681416 0.0675 0.084070796460177 
1 0.465 0.17256637168141592 0.035 0.07079646017699115 
0 0.38 0.09734513274336283 0.0225 0.03982300884955752 
0 0.4675 0.084070796460177 0.025 0.04424778761061947 
0 0.675 0.4557522123893805 0.0925 0.15486725663716813 
0 0.13 0.20353982300884957 0.0375 0.084070796460177 
0 0.2675 0.18141592920353983 0.045 0.06637168141592921 
0 0.5775 0.05752212389380531 0.015 0.030973451327433628 
0 0.7975 0.9026548672566371 0.0675 0.18584070796460178 
0 0.84 0.5398230088495575 0.0875 0.17256637168141592 
0 0.825 0.28761061946902655 0.0675 0.10176991150442478 
0 0.8175 0.4247787610619469 0.0375 0.09292035398230089 
0 0.7775 0.2079646017699115 0.0425 0.10176991150442478 
0 0.87 0.17256637168141592 0.0325 0.06637168141592921 
