1 0.11 0.0898876404494382 0.04 0.06741573033707865 
1 0.1775 0.21722846441947566 0.0475 0.06741573033707865 
1 0.1675 0.37453183520599254 0.0525 0.07865168539325842 
0 0.1375 0.550561797752809 0.05 0.07116104868913857 
1 0.4725 0.15355805243445692 0.0425 0.06741573033707865 
0 0.43 0.30711610486891383 0.05 0.06741573033707865 
0 0.47 0.4044943820224719 0.0475 0.06741573033707865 
0 0.445 0.5767790262172284 0.0525 0.07865168539325842 
0 0.7425 0.06367041198501873 0.045 0.06367041198501873 
0 0.8225 0.1647940074906367 0.05 0.06367041198501873 
1 0.8075 0.29213483146067415 0.0425 0.052434456928838954 
1 0.705 0.42696629213483145 0.045 0.07116104868913857 
0 0.795 0.6254681647940075 0.05 0.04119850187265917 
