0 0.0675 0.7032967032967034 0.12 0.304029304029304 
1 0.425 0.06593406593406594 0.04 0.06593406593406594 
0 0.3225 0.05860805860805861 0.06 0.0695970695970696 
0 0.055 0.02197802197802198 0.055 0.040293040293040296 
0 0.2575 0.17582417582417584 0.0525 0.08058608058608059 
0 0.3475 0.18681318681318682 0.07 0.10256410256410256 
1 0.59 0.2087912087912088 0.04 0.0695970695970696 
1 0.5525 0.26373626373626374 0.06 0.08424908424908426 
0 0.6875 0.14652014652014653 0.0575 0.09523809523809523 
0 0.8275 0.1978021978021978 0.045 0.08058608058608059 
0 0.7775 0.47985347985347987 0.0825 0.10622710622710622 
0 0.9325 0.3553113553113553 0.0625 0.08424908424908426 
0 0.4975 0.4175824175824176 0.07 0.11355311355311355 
