0 0.045 0.31835205992509363 0.06 0.08614232209737828 
0 0.0525 0.46441947565543074 0.065 0.08614232209737828 
0 0.1575 0.37453183520599254 0.085 0.15355805243445692 
0 0.25 0.3970037453183521 0.05 0.08239700374531835 
0 0.5075 0.18352059925093633 0.0725 0.1198501872659176 
0 0.8275 0.3258426966292135 0.105 0.16853932584269662 
0 0.91 0.45318352059925093 0.0475 0.08239700374531835 
0 0.705 0.449438202247191 0.0525 0.06367041198501873 
0 0.7625 0.4344569288389513 0.035 0.056179775280898875 
0 0.255 0.30337078651685395 0.05 0.07116104868913857 
0 0.93 0.3707865168539326 0.0375 0.056179775280898875 
0 0.9475 0.4794007490636704 0.03 0.06367041198501873 
0 0.5575 0.2546816479400749 0.0325 0.0898876404494382 
