0 0.5375 0.42333333333333334 0.04 0.05 
0 0.7825 0.48333333333333334 0.0375 0.043333333333333335 
1 0.8775 0.49333333333333335 0.04 0.04666666666666667 
1 0.7175 0.44666666666666666 0.0375 0.043333333333333335 
1 0.6575 0.41333333333333333 0.035 0.04 
1 0.47 0.4166666666666667 0.0325 0.05 
1 0.3675 0.41 0.04 0.04666666666666667 
1 0.4425 0.39666666666666667 0.0325 0.04 
2 0.2 0.4033333333333333 0.0425 0.05 
2 0.2825 0.4033333333333333 0.0325 0.05 
2 0.25 0.56 0.0325 0.04666666666666667 
2 0.6175 0.43 0.04 0.05 
0 0.0725 0.44 0.02 0.03 
1 0.8425 0.46 0.0225 0.02666666666666667 
