0 0.13 0.208955223880597 0.04 0.0708955223880597 
0 0.2475 0.22388059701492538 0.05 0.07462686567164178 
0 0.34 0.24253731343283583 0.04 0.055970149253731345 
0 0.4325 0.12686567164179105 0.0575 0.09701492537313433 
0 0.4875 0.17164179104477612 0.0325 0.048507462686567165 
0 0.5625 0.1828358208955224 0.05 0.07462686567164178 
0 0.6325 0.373134328358209 0.045 0.07462686567164178 
0 0.6875 0.15671641791044777 0.05 0.07462686567164178 
0 0.77 0.2126865671641791 0.0475 0.07835820895522388 
0 0.8375 0.23134328358208955 0.0325 0.055970149253731345 
0 0.88 0.23507462686567165 0.0425 0.05970149253731343 
0 0.905 0.1828358208955224 0.025 0.041044776119402986 
0 0.975 0.16044776119402984 0.05 0.08208955223880597 
