0 0.385 0.4666666666666667 0.0575 0.12 
0 0.3825 0.26222222222222225 0.0775 0.07111111111111111 
0 0.6475 0.6755555555555556 0.06 0.15555555555555556 
0 0.58 0.5333333333333333 0.04 0.13333333333333333 
0 0.6975 0.26222222222222225 0.025 0.04888888888888889 
2 0.265 0.24444444444444444 0.0325 0.05333333333333334 
1 0.085 0.24 0.02 0.035555555555555556 
1 0.51 0.21777777777777776 0.025 0.057777777777777775 
1 0.755 0.2 0.02 0.057777777777777775 
1 0.5775 0.4 0.0375 0.06222222222222222 
0 0.8925 0.3422222222222222 0.0275 0.04 
1 0.935 0.37333333333333335 0.0375 0.07111111111111111 
1 0.94 0.49333333333333335 0.0275 0.10222222222222223 
1 0.9675 0.36444444444444446 0.03 0.05333333333333334 
