0 0.05 0.27586206896551724 0.0475 0.06896551724137931 
0 0.1875 0.25287356321839083 0.04 0.06130268199233716 
0 0.2675 0.2567049808429119 0.035 0.06513409961685823 
0 0.41 0.2413793103448276 0.04 0.06513409961685823 
0 0.455 0.23371647509578544 0.03 0.05363984674329502 
0 0.49 0.22988505747126436 0.03 0.06130268199233716 
0 0.5225 0.1724137931034483 0.0325 0.038314176245210725 
0 0.5125 0.2835249042145594 0.0375 0.06130268199233716 
0 0.5775 0.3524904214559387 0.0575 0.08812260536398467 
1 0.675 0.210727969348659 0.045 0.07279693486590039 
0 0.695 0.37547892720306514 0.06 0.10727969348659004 
0 0.81 0.18773946360153257 0.0375 0.06130268199233716 
0 0.8025 0.3486590038314176 0.0525 0.06896551724137931 
0 0.92 0.4559386973180077 0.08 0.13793103448275862 
1 0.8675 0.42528735632183906 0.035 0.07662835249042145 
