0 0.2 0.08 0.01 0.022222222222222223 
0 0.2175 0.08444444444444445 0.0125 0.02666666666666667 
0 0.2575 0.07555555555555556 0.015 0.02666666666666667 
0 0.325 0.057777777777777775 0.025 0.06222222222222222 
0 0.3025 0.14666666666666667 0.0325 0.035555555555555556 
0 0.15 0.09777777777777778 0.0275 0.06222222222222222 
0 0.4525 0.12 0.0175 0.06222222222222222 
0 0.505 0.13333333333333333 0.04 0.08444444444444445 
0 0.595 0.2 0.015 0.02666666666666667 
0 0.6975 0.12444444444444444 0.04 0.07555555555555556 
0 0.8775 0.14666666666666667 0.035 0.09333333333333334 
