0 0.09 0.3295880149812734 0.04 0.09363295880149813 
0 0.4175 0.2846441947565543 0.0425 0.0749063670411985 
0 0.45 0.16104868913857678 0.03 0.07116104868913857 
0 0.525 0.18726591760299627 0.04 0.08239700374531835 
1 0.605 0.18352059925093633 0.035 0.0599250936329588 
2 0.6425 0.20224719101123595 0.0425 0.08239700374531835 
0 0.76 0.1760299625468165 0.04 0.06367041198501873 
0 0.8475 0.2247191011235955 0.035 0.06741573033707865 
0 0.9525 0.20599250936329588 0.0325 0.056179775280898875 
2 0.9825 0.20599250936329588 0.0325 0.07116104868913857 
